1) 26 59 22 N 81 39 3 E 
2) 26 57 45 N 81 36 4 E
3) 26 58 21 N 81 34 26 E
4) 27 7 41 N 81 27 30 E
5) 27 8 34 N 81 29 52 E
6) 27 22 38 N 82 14 21 E
7) 27 12 28 N 82 32 13 E
8) 27 13 9 N 82 39 9 E
9) 27 7 12 N 82 39 27 E 
10) 27 12 16 N 82 39 3 E
11) 27 6 38 N 82 39 45 E 
12) 27 4 11 N 82 40 11 E
13) 26 59 42 N 82 39 41 E
14) 26 51 6 N 82 40 47 E
15) 26 48 50 N 82 40 22 E
16) 26 42 0 N 82 41 32 E
17) 16 37 22 N 82 50 20 E 
18) 26 34 16 N 82 54 32 E
19) 26 36 27 N 82 52 22 E
20) 26 30 39 N 82 54 26 E